行列のサイズ: 3 x 3
使用メモリ: 6個の要素（上三角部分のみ）
対称行列A（上三角部分）の入力:
A[1][1] = 2.000000 (インデックス: 0)
A[1][2] = 1.000000 (インデックス: 1)
A[1][3] = -1.000000 (インデックス: 2)
A[2][2] = -3.000000 (インデックス: 3)
A[2][3] = -1.000000 (インデックス: 4)
A[3][3] = 2.000000 (インデックス: 5)
ベクトルbの入力:
b[1] = 8.000000
b[2] = -11.000000
b[3] = -3.000000
Ax = bの解は次の通りです
x[1] = 2.190476
x[2] = 4.285714
x[3] = 0.666667
